5	-0.8 -0.25		11 11
	8 -0.25			35 11
	19.05 -0.25		21 11
	19.05 8.75		21 35
	30.1 -0.25		35 11

=========================
VERSÃO ANTIGA DO ARQUIVO:
=========================

18	-0.8 -0.25		11 11
	-0.8 8.75		11 35
	8 -0.25			35 11
	19.05 -0.25		21 11
	19.05 8.75		21 35
	30.1 -0.25		35 11
	38.65 -0.25		11 11
	38.65 8.75		11 35
	38.65 17.75		11 11
	30.1 17.75		35 11
	19.05 17.75		21 11
	8 17.75			35 11
	-0.8 17.75		11 11
	-13.8 17.75		51 11
	-27.1 17.75		11 11
	-27.1 8.75		11 35
	-27.1 -0.25		11 11
	-13.8 -0.25		51 11
	
	centro (x, y)	width, height